 cluster_id  size  percent
          0   182   3.0328
          1   278   4.6326
          2   265   4.4159
          3   172   2.8662
          4   124   2.0663
          5    95   1.5831
          6    79   1.3164
          7    67   1.1165
          8    66   1.0998
          9    55   0.9165
         10    45   0.7499
         11    41   0.6832
         12    40   0.6666
         13    40   0.6666
         14    40   0.6666
         15    40   0.6666
         16    39   0.6499
         17    37   0.6166
         18    35   0.5832
         19    34   0.5666
         20    34   0.5666
         21    32   0.5332
         22    31   0.5166
         23    31   0.5166
         24    31   0.5166
         25    30   0.4999
         26    29   0.4833
         27    29   0.4833
         28    28   0.4666
         29    28   0.4666
         30    26   0.4333
         31    25   0.4166
         32    27   0.4499
         33    25   0.4166
         34    25   0.4166
         35    24   0.3999
         36    24   0.3999
         37    23   0.3833
         38    23   0.3833
         39    23   0.3833
         40    22   0.3666
         41    22   0.3666
         42    21   0.3499
         43    21   0.3499
         44    21   0.3499
         45    21   0.3499
         46    21   0.3499
         47    20   0.3333
         48    20   0.3333
         49    20   0.3333
         50    19   0.3166
         51    18   0.3000
         52    18   0.3000
         53    19   0.3166
         54    18   0.3000
         55    18   0.3000
         56    18   0.3000
         57    18   0.3000
         58    17   0.2833
         59    17   0.2833
         60    17   0.2833
         61    17   0.2833
         62    17   0.2833
         63    16   0.2666
         64    16   0.2666
         65    16   0.2666
         66    16   0.2666
         67    17   0.2833
         68    16   0.2666
         69    15   0.2500
         70    15   0.2500
         71    15   0.2500
         72    16   0.2666
         73    15   0.2500
         74    15   0.2500
         75    14   0.2333
         76    14   0.2333
         77    14   0.2333
         78    14   0.2333
         79    14   0.2333
         80    14   0.2333
         81    13   0.2166
         82    13   0.2166
         83    13   0.2166
         84    13   0.2166
         85    13   0.2166
         86    13   0.2166
         87    13   0.2166
         88    13   0.2166
         89    13   0.2166
         90    13   0.2166
         91    13   0.2166
         92    13   0.2166
         93    12   0.2000
         94    12   0.2000
         95    12   0.2000
         96    12   0.2000
         97    12   0.2000
         98    12   0.2000
         99    12   0.2000
        100    12   0.2000
        101    12   0.2000
        102    12   0.2000
        103    12   0.2000
        104    12   0.2000
        105    11   0.1833
        106    11   0.1833
        107    12   0.2000
        108    11   0.1833
        109    11   0.1833
        110    11   0.1833
        111    11   0.1833
        112    11   0.1833
        113    11   0.1833
        114    11   0.1833
        115    11   0.1833
        116    11   0.1833
        117    11   0.1833
        118    11   0.1833
        119    10   0.1666
        120    10   0.1666
        121    10   0.1666
        122    10   0.1666
        123    10   0.1666
        124    10   0.1666
        125    10   0.1666
        126    11   0.1833
        127    10   0.1666
        128    10   0.1666
        129    10   0.1666
        130    10   0.1666
        131    10   0.1666
        132    10   0.1666
        133    10   0.1666
        134    10   0.1666
        135    10   0.1666
        136    10   0.1666
        137    10   0.1666
        138    10   0.1666
        139     9   0.1500
        140    10   0.1666
        141     9   0.1500
        142    10   0.1666
        143     9   0.1500
        144     9   0.1500
        145     9   0.1500
        146     9   0.1500
        147     9   0.1500
        148     9   0.1500
        149     9   0.1500
        150     9   0.1500
        151     9   0.1500
        152     9   0.1500
        153     9   0.1500
        154     9   0.1500
        155     9   0.1500
        156     9   0.1500
        157     9   0.1500
        158     9   0.1500
        159     9   0.1500
        160     9   0.1500
        161     9   0.1500
        162     9   0.1500
        163     9   0.1500
        164     9   0.1500
        165     9   0.1500
        166     9   0.1500
        167     9   0.1500
        168     9   0.1500
        169     9   0.1500
        170     9   0.1500
        171     8   0.1333
        172     8   0.1333
        173     9   0.1500
        174     8   0.1333
        175     9   0.1500
        176     8   0.1333
        177     8   0.1333
        178     8   0.1333
        179     8   0.1333
        180     8   0.1333
        181     8   0.1333
        182     8   0.1333
        183     8   0.1333
        184     8   0.1333
        185     8   0.1333
        186     8   0.1333
        187     8   0.1333
        188     8   0.1333
        189     8   0.1333
        190     8   0.1333
        191     8   0.1333
        192     8   0.1333
        193     8   0.1333
        194     8   0.1333
        195     8   0.1333
        196     8   0.1333
        197     8   0.1333
        198     8   0.1333
        199     8   0.1333
        200     8   0.1333
        201     8   0.1333
        202     8   0.1333
        203     8   0.1333
        204     8   0.1333
        205     8   0.1333
        206     8   0.1333
        207     7   0.1166
        208     7   0.1166
        209     8   0.1333
        210     8   0.1333
        211     8   0.1333
        212     7   0.1166
        213     7   0.1166
        214     7   0.1166
        215     7   0.1166
        216     7   0.1166
        217     7   0.1166
        218     7   0.1166
        219     7   0.1166
        220     7   0.1166
        221     7   0.1166
        222     7   0.1166
        223     7   0.1166
        224     7   0.1166
        225     7   0.1166
        226     7   0.1166
        227     7   0.1166
        228     7   0.1166
        229     7   0.1166
        230     7   0.1166
        231     7   0.1166
        232     7   0.1166
        233     7   0.1166
        234     7   0.1166
        235     7   0.1166
        236     7   0.1166
        237     7   0.1166
        238     7   0.1166
        239     7   0.1166
        240     7   0.1166
        241     7   0.1166
        242     7   0.1166
        243     7   0.1166
        244     7   0.1166
        245     7   0.1166
        246     7   0.1166
        247     7   0.1166
        248     7   0.1166
        249     6   0.1000
        250     7   0.1166
        251     7   0.1166
        252     6   0.1000
        253     7   0.1166
        254     6   0.1000
        255     6   0.1000
        256     6   0.1000
        257     6   0.1000
        258     6   0.1000
        259     6   0.1000
        260     6   0.1000
        261     6   0.1000
        262     6   0.1000
        263     6   0.1000
        264     6   0.1000
        265     6   0.1000
        266     6   0.1000
        267     6   0.1000
        268     6   0.1000
        269     6   0.1000
        270     6   0.1000
        271     6   0.1000
        272     6   0.1000
        273     6   0.1000
        274     8   0.1333
        275     6   0.1000
        276     6   0.1000
        277     6   0.1000
        278     6   0.1000
        279     6   0.1000
        280     6   0.1000
        281     6   0.1000
        282     6   0.1000
        283     6   0.1000
        284     6   0.1000
        285     6   0.1000
        286     6   0.1000
        287     6   0.1000
        288     6   0.1000
        289     6   0.1000
        290     6   0.1000
        291     6   0.1000
        292     6   0.1000
        293     6   0.1000
        294     6   0.1000
        295     6   0.1000
        296     6   0.1000
        297     6   0.1000
        298     6   0.1000
        299     6   0.1000
        300     6   0.1000
        301     6   0.1000
        302     6   0.1000
        303     6   0.1000
        304     6   0.1000
        305     6   0.1000
        306     6   0.1000
        307     6   0.1000
        308     6   0.1000
        309     6   0.1000
        310     6   0.1000
        311     6   0.1000
        312     6   0.1000
        313     6   0.1000
        314     6   0.1000
        315     5   0.0833
        316     5   0.0833
        317     5   0.0833
        318     5   0.0833
        319     5   0.0833
        320     5   0.0833
        321     5   0.0833
        322     5   0.0833
        323     5   0.0833
        324     5   0.0833
        325     5   0.0833
        326     5   0.0833
        327     5   0.0833
        328     5   0.0833
        329     5   0.0833
        330     5   0.0833
        331     5   0.0833
        332     5   0.0833
        333     5   0.0833
        334     5   0.0833
        335     5   0.0833
        336     5   0.0833
        337     5   0.0833
        338     5   0.0833
        339     5   0.0833
        340     5   0.0833
        341     5   0.0833
        342     5   0.0833
        343     5   0.0833
        344     5   0.0833
        345     5   0.0833
        346     5   0.0833
        347     5   0.0833
        348     5   0.0833
        349     5   0.0833
        350     5   0.0833
        351     5   0.0833
        352     5   0.0833
        353     5   0.0833
        354     5   0.0833
        355     5   0.0833
        356     5   0.0833
        357     5   0.0833
        358     5   0.0833
        359     5   0.0833
        360     5   0.0833
        361     5   0.0833
        362     5   0.0833
        363     5   0.0833
        364     5   0.0833
        365     4   0.0667
        366     4   0.0667
        367     4   0.0667
        368     4   0.0667
        369     4   0.0667
        370     4   0.0667
        371     4   0.0667
        372     4   0.0667
        373     4   0.0667
        374     4   0.0667
        375     4   0.0667
        376     4   0.0667
        377     5   0.0833
        378     4   0.0667
        379     4   0.0667
        380     4   0.0667
        381     4   0.0667
        382     4   0.0667
        383     4   0.0667
        384     4   0.0667
        385     4   0.0667
        386     4   0.0667
        387     4   0.0667
        388     4   0.0667
        389     4   0.0667
        390     4   0.0667
        391     4   0.0667
        392     4   0.0667
        393     4   0.0667
        394     4   0.0667
        395     4   0.0667
        396     4   0.0667
        397     4   0.0667
        398     4   0.0667
        399     4   0.0667
        400     4   0.0667
        401     4   0.0667
        402     4   0.0667
        403     4   0.0667
        404     4   0.0667
        405     4   0.0667
        406     4   0.0667
        407     4   0.0667
        408     4   0.0667
        409     4   0.0667
        410     4   0.0667
        411     4   0.0667
        412     4   0.0667
        413     4   0.0667
        414     4   0.0667
        415     4   0.0667
        416     4   0.0667
        417     4   0.0667
        418     4   0.0667
        419     4   0.0667
        420     4   0.0667
        421     4   0.0667
        422     4   0.0667
        423     4   0.0667
        424     4   0.0667
        425     4   0.0667
        426     4   0.0667
        427     4   0.0667
        428     4   0.0667
        429     4   0.0667
        430     4   0.0667
        431     4   0.0667
        432     4   0.0667
        433     4   0.0667
        434     4   0.0667
        435     4   0.0667
        436     3   0.0500
        437     3   0.0500
        438     3   0.0500
        439     3   0.0500
        440     3   0.0500
        441     3   0.0500
        442     3   0.0500
        443     3   0.0500
        444     3   0.0500
        445     3   0.0500
        446     3   0.0500
        447     3   0.0500
        448     3   0.0500
        449     3   0.0500
        450     3   0.0500
        451     3   0.0500
        452     3   0.0500
        453     3   0.0500
        454     3   0.0500
        455     3   0.0500
        456     3   0.0500
        457     3   0.0500
        458     3   0.0500
        459     3   0.0500
        460     3   0.0500
        461     3   0.0500
        462     3   0.0500
        463     3   0.0500
        464     3   0.0500
        465     3   0.0500
        466     3   0.0500
        467     3   0.0500
        468     3   0.0500
        469     3   0.0500
        470     3   0.0500
        471     3   0.0500
        472     3   0.0500
        473     3   0.0500
        474     3   0.0500
        475     3   0.0500
        476     3   0.0500
        477     3   0.0500
        478     3   0.0500
        479     3   0.0500
        480     3   0.0500
        481     3   0.0500
        482     3   0.0500
        483     3   0.0500
        484     3   0.0500
        485     3   0.0500
        486     3   0.0500
        487     3   0.0500
        488     3   0.0500
        489     3   0.0500
        490     3   0.0500
        491     3   0.0500
        492     3   0.0500
        493     3   0.0500
        494     3   0.0500
        495     3   0.0500
        496     3   0.0500
        497     3   0.0500
        498     3   0.0500
        499     3   0.0500
        500     3   0.0500
        501     3   0.0500
        502     3   0.0500
        503     3   0.0500
        504     3   0.0500
        505     3   0.0500
        506     3   0.0500
        507     3   0.0500
        508     3   0.0500
        509     3   0.0500
        510     3   0.0500
        511     3   0.0500
        512     3   0.0500
        513     3   0.0500
        514     3   0.0500
        515     3   0.0500
        516     3   0.0500
        517     3   0.0500
        518     3   0.0500
        519     3   0.0500
        520     3   0.0500
        521     3   0.0500
        522     3   0.0500
        523     3   0.0500
        524     3   0.0500
        525     3   0.0500
        526     2   0.0333
        527     2   0.0333
        528     2   0.0333
        529     2   0.0333
        530     2   0.0333
        531     2   0.0333
        532     2   0.0333
        533     2   0.0333
        534     2   0.0333
        535     2   0.0333
        536     2   0.0333
        537     2   0.0333
        538     2   0.0333
        539     2   0.0333
        540     2   0.0333
        541     2   0.0333
        542     2   0.0333
        543     2   0.0333
        544     2   0.0333
        545     2   0.0333
        546     2   0.0333
        547     2   0.0333
        548     2   0.0333
        549     2   0.0333
        550     2   0.0333
        551     2   0.0333
        552     2   0.0333
        553     2   0.0333
        554     2   0.0333
        555     2   0.0333
        556     2   0.0333
        557     2   0.0333
        558     2   0.0333
        559     2   0.0333
        560     2   0.0333
        561     2   0.0333
        562     2   0.0333
        563     2   0.0333
        564     2   0.0333
        565     2   0.0333
        566     2   0.0333
        567     2   0.0333
        568     2   0.0333
        569     2   0.0333
        570     2   0.0333
        571     2   0.0333
        572     2   0.0333
        573     2   0.0333
        574     2   0.0333
        575     2   0.0333
        576     2   0.0333
        577     2   0.0333
        578     2   0.0333
        579     2   0.0333
        580     2   0.0333
        581     2   0.0333
        582     2   0.0333
        583     2   0.0333
        584     2   0.0333
        585     2   0.0333
        586     2   0.0333
        587     2   0.0333
        588     2   0.0333
        589     2   0.0333
        590     2   0.0333
        591     2   0.0333
        592     2   0.0333
        593     2   0.0333
        594     2   0.0333
        595     2   0.0333
        596     2   0.0333
        597     2   0.0333
        598     2   0.0333
        599     2   0.0333
        600     2   0.0333
        601     2   0.0333
        602     2   0.0333
        603     2   0.0333
        604     2   0.0333
        605     2   0.0333
        606     2   0.0333
        607     2   0.0333
        608     2   0.0333
        609     2   0.0333
        610     2   0.0333
        611     2   0.0333
        612     2   0.0333
        613     2   0.0333
        614     2   0.0333
        615     2   0.0333
        616     2   0.0333
        617     2   0.0333
        618     2   0.0333
        619     2   0.0333
        620     2   0.0333
        621     2   0.0333
        622     2   0.0333
        623     2   0.0333
        624     2   0.0333
        625     2   0.0333
        626     2   0.0333
        627     2   0.0333
        628     2   0.0333
        629     2   0.0333
        630     2   0.0333
        631     2   0.0333
        632     2   0.0333
        633     2   0.0333
        634     2   0.0333
        635     2   0.0333
        636     2   0.0333
        637     2   0.0333
        638     2   0.0333
        639     2   0.0333